h =

   0.50000
   0.50000
   0.50000
   0.50000
   0.50000
   0.50000
   0.50000
   0.50000
   0.50000
   0.50000
   0.50000
   0.50000
   0.50000
   0.50000
   0.50000
   0.50000
   0.50000
   0.50000
   0.50000
   0.50000
   0.50000
   0.50000
   0.50000
   0.50000
   0.50000
   0.50000
   0.50000
   0.50000
   0.50000
   0.50000
   0.50000
   0.50000
   0.50000
   0.50000
   0.50000
   0.50000
   0.50000
   0.50000
   0.50000
   0.50000
   0.50000
   0.50000
   0.50000
   0.50000
   0.50000
   0.50000
   0.50000
   0.50000
   0.50000
   0.50000
   0.50000
   0.50000
   0.50000
   0.50000
   0.50000
   0.50000
   0.50000
   0.50000
   0.50000
   0.50000
   0.50000
   0.50000
   0.50000
   0.50000
   0.50000
   0.50000
   0.50000
   0.50000
   0.50000
   0.50000
   0.50000
   0.50000
   0.50000
   0.50000
   0.50000
   0.50000
   0.50000
   0.50000
   0.50000
   0.50000
   0.50000
   0.50000
   0.50000
   0.50000
   0.50000
   0.50000
   0.50000
   0.50000
   0.50000
   0.50000
   0.50000
   0.50000
   0.50000
   0.50000
   0.50000
   0.50000
   0.50000
   0.50000
   0.50000
   0.50000

J =  0.69315
grad =

   -0.10000
  -12.00922
  -11.26284

